00000000000001111000000000000000
00000000001111111111111000000000
00000000011111111111111111000000
00000000111100000000000111100000
00000001110000000000000001111000
00000011100000000000000000011000
00000110000000000000000000011100
00001100000000000000000000001100
00011100000000000000000000001110
00011000000000000000000000000110
00110000000000000000000000000110
00110000000000000000000000000111
01100000000000000000000000000011
01100000000000000000000000000011
01100000000000000000000000000011
01000000000000000000000000000011
11000000000000000000000000000011
11000000000000000000000000000011
11000000000000000000000000000011
11000000000000000000000000000111
11000000000000000000000000000110
11000000000000000000000000000110
11000000000000000000000000001100
01000000000000000000000000011100
01100000000000000000000000011000
01100000000000000000000000110000
00110000000000000000000001110000
00111000000000000000000011100000
00011110000000000000001111000000
00000111111000000000111100000000
00000001111111111111111000000000
00000000000111111111000000000000
