00000111100000000000000000000000
00001111111000000000000000000000
00001111111110000000000000000000
00000100111111000000000000000000
00000000011111100000000000000000
00000000000111110000000000000000
00000000000011110000000000000000
00000000000001111000000000000000
00000000000001111000000000000000
00000000000000111100000000000000
00000000000000111100000000000000
00000000000000111100000000000000
00000000000000111100000000000000
00000000000000111100000000000000
00000000000000111100000000000000
00000000000001111000000000000000
00000000000001111000000000000000
00000000000011110000000000000000
00000000000111100000000000000000
00000000001111000000000000000000
00000000111110000000000000000000
00000001111100000000000000000000
00000111111000000000000000000000
00001111100000000000000000000000
00011111000000000000000000000000
00111110000000000000000000000000
01111000000000000000000111111110
11110000000000011111111111111111
11111111111111111111111111111110
11111111111111111111111110000000
01111111111111111000000000000000
00011111100000000000000000000000
