00000000011111111100000000000000
00000111111111111111000000000000
00011111111111111111110000000000
00111111111100011111110000000000
00011110000000001111111000000000
00000000000000000111111000000000
00000000000000000111111000000000
00000000000000001111110000000000
00000000000000011111110000000000
00000000000000011111100000000000
00000000000000111111000000000000
00000000000011111110000011110000
00000000000111111101111111111100
00000000011111111111111111111110
00000000111111111111111111111111
00000011111111111111100001111111
00001111111111111100000001111110
00111111111111100000000011111110
11111111111100000000000111111100
11111111100000000000001111111000
00111000000000000000011111110000
00000000000000000001111111100000
00000000000000000011111110000000
00000000000000000111111100000000
00000000000000011111111000000000
00000000000000111111110000000000
00000000000011111111000000000000
00000011001111111110000000000000
00001111111111111000000000000000
00001111111111100000000000000000
00000111111110000000000000000000
00000011111000000000000000000000
